Aaron
4,0,4,4,0,3,0,5,0,5,0,0,5,0,0,4,0,0,0,0,0,0,0,4,0,0,0,5,5,4,0,0,5,3,3,3,5,3,4,4,0,3,4,0,3,0,0,0,0,0,4,5,5,0,5,0,0,4,0,1,0,0,0,0,0,4,0,5,4,3,3,4,0,0,0,4,4,0,0,5,4,3,5,0,4,0,0,0,0,0,3,0,4,0,4,0,0,3,5,4
Anonymous
1,0,5,4,3,2,1,1,1,2,3,0,0,0,0,0,1,5,4,3,2,1,1,1,2,0,0,0,0,4,5,5,5,5,5,5,3,3,3,2,3,1,2,3,4,5,2,1,0,0,0,0,0,0,0,0,0,0,0,0,2,1,2,4,5,2,3,2,1,0,0,4,5,3,2,3,0,0,5,5,5,5,5,5,5,5,5,2,2,1,5,3,5,3,2,1,0,0,0,0
Abdullah
5,0,3,5,0,0,0,5,0,3,0,5,0,0,0,0,0,0,5,0,0,0,0,0,0,1,0,3,3,3,3,3,5,0,0,4,0,0,1,0,0,1,4,0,0,0,0,0,0,0,5,0,5,0,5,0,0,3,0,0,0,0,0,0,0,1,0,0,0,0,0,4,0,0,0,0,0,0,0,4,0,0,0,5,0,0,0,0,0,3,0,0,3,0,5,0,0,0,0,5
Moiz
5,0,0,0,0,0,0,5,0,0,0,0,0,0,0,0,0,0,5,0,3,0,0,0,0,0,0,4,0,0,0,0,0,0,0,3,0,0,5,0,0,4,4,0,0,0,0,0,5,0,5,4,5,0,0,0,0,3,0,0,4,0,0,0,5,0,0,0,0,0,3,5,0,0,0,0,0,0,0,0,2,5,5,0,0,0,0,0,0,0,3,0,0,0,5,0,0,3,0,0
Abel
5,0,1,0,0,5,0,0,0,4,0,4,4,0,0,5,0,0,5,0,0,0,0,0,0,0,5,5,4,0,0,0,0,0,3,4,0,3,5,0,0,4,5,0,0,5,0,4,0,0,5,4,5,0,4,0,0,1,0,0,4,0,0,0,0,1,0,4,0,0,1,5,5,5,0,0,0,0,0,2,0,0,5,0,0,0,3,0,0,4,1,0,5,0,5,0,0,4,5,0
Adrian
0,0,0,0,0,0,0,0,0,4,0,0,0,0,0,0,0,0,5,0,3,0,0,0,0,0,0,4,0,5,0,0,5,0,0,0,4,0,4,0,0,3,3,0,0,0,0,0,0,0,4,5,5,0,5,0,0,0,0,0,0,0,0,0,0,0,0,5,0,0,0,4,0,4,0,0,5,0,0,0,0,0,0,0,0,0,0,0,0,0,0,0,0,0,3,0,0,0,3,0
Adrian Tadic
5,0,0,0,3,3,0,4,0,0,0,0,0,0,0,3,0,0,4,0,0,0,0,0,0,0,0,1,0,4,3,0,3,0,0,3,0,0,0,0,0,2,3,0,0,0,0,3,0,0,4,0,0,0,0,0,0,4,0,0,0,0,0,0,4,0,4,0,3,5,0,0,2,4,5,4,0,0,4,0,0,0,0,2,0,0,0,0,0,0,0,0,0,0,1,0,0,0,0,0
Afnan
0,0,5,3,1,1,1,5,0,0,0,4,5,0,4,1,0,2,5,2,2,1,1,1,0,0,0,5,5,5,0,0,5,0,0,0,0,0,5,1,0,5,5,3,2,2,0,0,0,0,5,0,0,0,5,0,3,0,0,5,5,0,0,3,5,1,1,5,5,0,0,5,0,0,0,0,0,0,0,5,0,0,5,5,0,5,3,0,0,1,0,0,5,0,2,0,0,0,5,5
Ahad
0,0,0,0,0,0,0,0,0,0,0,0,0,0,0,0,0,2,2,2,2,2,2,3,3,3,3,1,1,1,1,5,5,5,5,3,3,3,3,3,3,3,3,3,2,2,2,2,2,2,2,2,2,2,2,2,2,2,2,2,2,2,2,2,2,1,1,1,1,1,1,1,1,0,0,0,0,0,0,0,0,0,0,0,0,0,0,0,0,0,0,0,0,0,0,0,0,0,0,0
Faisal
5,3,4,5,0,3,4,0,0,3,0,0,3,0,0,4,4,0,0,0,0,0,3,2,0,3,4,4,4,5,5,0,5,5,0,5,5,5,4,4,0,0,5,0,0,5,0,0,0,0,5,4,4,0,5,0,4,0,0,0,0,0,0,0,4,0,0,4,4,0,0,5,4,5,0,5,0,0,5,0,4,4,5,0,0,0,0,0,4,0,0,0,5,0,3,0,0,0,4,4
Ahmed
3,4,2,0,2,5,2,5,3,0,1,2,3,4,3,2,4,3,0,0,3,4,2,1,0,3,4,5,5,2,1,0,3,4,5,3,2,1,5,3,0,3,2,4,3,1,2,4,3,2,0,4,3,2,1,0,2,3,0,3,5,4,2,3,3,2,1,4,3,2,0,3,5,4,2,3,1,3,2,4,2,3,0,5,2,1,4,2,0,4,2,1,0,0,1,2,5,4,3,2
frz
3,2,0,0,0,0,0,4,0,0,0,1,2,0,5,0,0,0,0,0,0,0,0,0,0,0,0,3,0,0,0,0,0,0,0,0,0,0,4,0,0,0,2,0,0,0,0,0,0,0,5,0,0,0,2,0,0,0,0,0,0,0,0,0,0,0,0,0,0,0,0,0,0,0,0,0,0,0,0,0,0,4,0,0,0,0,0,0,0,0,0,0,0,0,4,0,0,0,0,2
Saif
5,5,2,5,0,3,0,5,0,4,0,0,3,0,0,0,0,0,5,0,0,0,1,0,0,0,0,5,4,0,0,0,0,0,3,0,4,0,4,0,0,5,4,0,0,4,0,0,0,0,5,3,5,0,5,0,0,4,0,0,0,0,0,0,0,0,0,4,0,0,3,5,0,5,0,0,0,0,0,0,0,0,5,0,0,0,0,0,0,0,0,0,0,0,4,0,0,5,0,0
Alex
1,0,0,0,0,3,0,4,0,0,0,0,1,0,0,0,0,0,0,0,0,0,0,0,2,0,0,5,4,0,0,0,0,0,0,0,5,0,5,0,0,3,5,0,0,0,0,5,0,0,5,4,2,0,5,0,0,0,0,0,0,0,0,0,2,1,0,0,0,0,0,4,0,0,0,0,0,0,0,0,0,0,0,0,0,2,0,0,0,1,0,0,0,0,5,0,0,3,0,5
Alex
3,0,0,3,0,0,0,0,0,4,0,0,3,0,4,5,0,0,4,0,0,0,0,0,0,0,0,5,5,3,0,0,0,3,3,4,4,0,4,3,0,3,4,0,0,4,0,0,0,0,0,5,3,0,4,4,4,4,0,0,3,0,4,0,0,0,0,4,5,0,2,4,4,4,0,0,0,0,3,0,0,3,4,0,4,0,0,0,4,0,0,5,0,0,0,0,0,0,3,0
Amman
5,0,3,0,0,4,4,3,0,3,0,0,2,4,0,3,0,5,5,0,5,0,3,0,0,5,0,5,5,5,0,0,5,0,3,5,4,0,5,0,0,5,5,0,4,5,0,5,0,0,5,5,0,0,5,0,0,5,0,0,5,0,5,0,5,1,0,5,3,2,1,5,4,0,0,5,5,0,3,0,0,4,5,0,0,0,5,0,0,0,5,0,5,0,5,0,0,4,4,5
Anon
5,0,4,0,0,0,0,4,0,0,0,4,0,0,0,5,0,0,0,0,0,0,0,0,0,0,0,1,2,3,4,2,3,4,4,4,5,3,2,1,3,4,5,0,4,3,2,3,4,5,5,5,4,4,5,5,5,5,0,1,2,3,3,3,3,3,3,0,0,0,0,0,4,3,2,2,2,3,4,4,4,4,4,4,4,4,5,5,5,5,5,2,3,4,5,4,3,2,3,4
Andrew T
5,0,2,4,0,0,0,4,0,0,0,3,3,0,3,5,0,0,0,3,0,4,0,0,0,5,4,5,5,5,5,0,5,0,0,5,4,0,5,0,0,4,5,0,4,2,3,4,4,0,5,5,2,0,4,0,0,5,0,3,4,3,0,0,5,0,0,4,0,0,1,5,2,3,0,5,5,0,4,0,2,0,5,0,2,0,4,0,0,4,2,0,5,0,4,0,0,0,4,0
Anon
4,0,4,0,0,3,0,5,0,0,0,0,4,0,0,3,0,0,4,0,0,4,0,0,0,0,0,3,4,0,0,0,3,3,0,4,4,0,5,2,0,4,4,0,0,0,0,4,0,0,4,4,4,0,5,0,0,4,3,0,0,0,0,0,0,1,0,4,0,0,2,4,0,0,0,0,0,0,4,0,0,0,4,3,0,0,0,0,0,0,0,0,4,0,4,0,0,4,0,0
Anonymous
4,4,2,3,2,1,2,5,3,2,4,5,3,2,1,2,3,4,3,2,0,0,0,0,0,5,0,5,1,0,0,0,0,0,0,0,0,0,5,0,0,0,0,0,0,4,0,0,0,0,3,4,4,0,0,0,0,0,0,0,0,0,0,0,0,4,0,4,0,0,0,5,3,3,0,0,0,0,0,0,0,0,3,0,0,0,0,0,0,0,0,0,5,0,0,0,0,0,0,0
Khaled
0,0,4,0,0,4,0,5,0,3,0,1,1,0,0,4,0,0,5,0,0,0,0,0,3,0,4,5,3,0,0,0,4,0,0,5,4,0,5,0,0,5,5,0,0,0,0,5,0,0,5,4,5,0,4,0,0,0,0,0,5,0,5,0,0,0,0,2,0,0,3,5,0,5,0,0,0,0,0,4,0,0,4,5,0,5,0,0,0,5,5,0,0,0,5,0,3,5,0,0
Benjamin Messer
0,0,4,0,0,5,0,0,0,0,0,0,0,0,0,0,0,0,5,0,0,4,5,5,5,5,4,3,5,0,5,5,5,5,0,0,0,0,0,0,1,0,4,4,0,4,0,0,0,1,0,3,2,0,0,0,0,0,0,0,0,4,4,0,4,0,0,0,0,5,0,0,0,0,0,0,0,0,0,0,0,0,0,0,0,0,0,0,0,0,5,0,0,0,0,0,0,0,0,0
Benjamin
3,4,0,5,0,0,0,3,0,1,0,1,0,0,0,5,0,0,5,0,0,0,0,0,2,5,0,4,5,4,0,0,5,0,0,5,5,0,3,0,0,0,4,0,0,5,0,5,0,0,2,3,5,0,4,0,0,0,0,0,0,0,3,0,5,0,0,3,0,0,0,4,4,3,0,0,0,0,2,2,1,0,1,5,0,4,0,0,0,0,0,0,0,0,5,0,0,0,1,0
Ben
3,2,1,0,0,4,0,5,4,0,0,0,0,4,0,4,3,0,4,0,0,0,3,0,0,5,0,0,0,0,4,0,4,0,3,0,0,0,3,0,0,3,3,0,0,0,0,4,0,4,3,0,4,0,0,0,0,0,0,0,3,0,4,5,3,0,0,0,0,0,0,3,0,0,4,0,0,0,3,0,2,0,0,0,0,0,3,0,0,0,0,0,0,0,2,0,0,4,0,0
Bennett
4,0,3,4,0,4,0,5,0,4,0,0,3,0,0,5,0,4,3,0,0,0,0,0,4,5,5,4,5,5,4,0,0,0,0,5,5,5,5,0,0,4,5,0,0,5,1,0,0,0,5,4,5,5,5,0,0,4,0,0,4,0,0,4,0,0,0,4,3,0,1,4,4,4,0,4,0,0,3,2,0,4,4,4,3,3,4,0,3,2,3,4,5,0,5,0,0,5,1,0
Goku
5,5,5,5,5,5,5,5,5,5,0,0,0,0,0,0,0,0,0,0,1,2,3,4,1,2,3,4,1,2,3,4,1,2,3,4,5,5,0,0,5,5,0,0,1,2,3,4,5,5,0,0,1,2,3,4,1,2,3,4,1,2,3,4,1,2,3,3,3,2,1,2,3,1,2,2,2,2,2,2,2,2,2,2,2,2,2,2,2,2,2,2,2,2,2,2,2,2,2,2
Brayden
4,3,0,4,0,5,0,4,2,3,0,4,3,0,0,5,0,0,3,0,0,0,3,0,4,0,3,5,5,4,2,0,4,0,3,4,4,0,5,2,0,4,5,0,0,3,0,4,0,0,4,5,4,0,4,0,0,0,2,0,4,0,0,0,4,0,0,5,0,4,4,5,5,5,0,3,0,0,4,2,0,4,5,0,0,3,4,0,0,3,0,0,4,0,4,0,3,4,3,0
Braydon
4,0,0,0,0,3,0,0,0,0,0,0,0,0,0,5,0,0,0,0,0,0,0,0,0,0,0,4,5,0,0,0,0,0,3,4,0,0,5,0,0,4,4,0,0,3,0,0,0,0,5,0,3,0,0,0,3,0,0,0,3,0,0,0,0,0,0,0,0,0,0,3,5,3,0,0,0,0,0,0,3,0,0,0,0,0,0,4,0,0,0,0,0,0,5,0,3,0,4,0
Bret
3,0,0,2,0,0,0,5,0,0,0,0,0,0,3,4,0,0,0,0,0,0,0,0,4,0,4,3,4,4,0,0,5,0,3,3,4,4,5,0,0,4,5,0,0,0,0,0,0,0,4,0,0,0,5,0,0,2,4,0,5,0,0,3,0,1,0,0,0,0,0,4,0,0,0,0,0,0,4,3,0,0,0,0,0,0,0,0,0,4,4,0,0,0,4,0,0,2,3,4
Britain
4,0,2,0,0,0,5,5,0,1,0,0,1,0,0,0,0,0,5,0,0,0,0,0,0,5,4,4,5,5,5,0,5,0,3,5,5,3,4,0,0,2,3,0,0,3,0,0,0,0,4,5,3,5,5,0,0,0,0,5,5,0,0,5,5,1,0,5,0,4,1,5,2,5,0,5,0,0,0,0,0,0,5,0,0,0,5,0,0,0,1,0,5,0,4,0,0,0,0,0
Brittany Pysar
4,4,1,4,0,3,0,4,0,0,0,4,4,0,5,5,0,0,0,5,0,0,4,0,4,1,4,4,3,5,0,0,4,0,4,2,3,4,3,1,5,0,4,0,0,4,3,0,0,0,4,5,4,5,5,0,4,4,0,0,4,0,0,0,4,0,0,3,0,0,0,4,4,4,0,0,0,0,5,4,0,0,4,5,0,4,4,0,0,4,0,0,5,0,1,0,4,5,3,4
Cam
5,0,0,4,0,0,0,0,0,0,0,0,3,0,0,0,0,0,0,4,0,0,0,0,5,5,0,4,4,5,0,0,0,0,4,0,0,0,5,1,0,4,5,0,0,4,0,0,0,0,5,5,0,0,5,0,0,0,0,0,0,0,0,0,0,0,0,4,0,0,0,5,3,4,0,5,0,0,0,0,0,0,5,0,0,0,0,0,0,0,0,0,4,0,4,0,0,0,4,0
Anonymous
3,4,5,4,0,0,0,0,0,0,0,3,2,0,4,0,0,0,0,0,0,0,0,0,0,0,0,5,5,0,0,0,0,0,1,5,4,0,5,3,0,4,5,0,4,0,5,0,0,0,5,3,4,0,4,0,0,4,0,0,5,0,0,0,0,1,0,5,0,0,1,2,0,0,0,0,0,0,0,0,0,0,5,4,0,0,0,0,3,4,0,0,4,0,4,0,3,0,5,5
Christina
4,0,0,0,0,4,0,0,0,3,0,3,1,0,0,3,0,0,5,0,0,4,0,0,0,0,3,4,5,0,0,0,2,0,4,0,5,3,5,0,0,4,4,0,0,4,0,0,0,0,4,0,0,0,5,0,0,0,0,0,3,0,5,0,5,0,0,0,4,0,0,5,4,5,0,0,0,0,0,0,0,0,4,0,3,0,0,0,0,4,2,4,4,0,4,0,0,0,5,0
Christopher
5,0,1,0,0,4,0,5,0,0,0,0,2,0,0,0,0,0,4,0,0,0,0,0,0,1,0,4,5,5,0,0,0,0,5,0,0,0,4,0,0,3,5,0,0,2,0,0,0,1,5,5,0,1,4,0,0,0,0,0,0,0,0,5,4,0,0,4,0,0,0,0,4,5,1,0,0,0,0,4,0,0,4,1,1,3,0,0,0,1,4,0,0,0,4,0,0,0,0,0
Colton
5,0,2,4,0,0,4,4,0,2,0,0,3,0,3,4,3,0,0,3,4,0,0,0,3,5,4,4,4,3,5,0,5,0,4,4,4,5,5,3,0,5,3,0,0,3,0,0,3,0,4,3,4,4,5,0,0,0,3,4,5,0,4,0,0,0,0,4,3,0,1,3,4,4,0,4,0,0,0,4,0,4,4,4,4,3,5,0,2,0,0,0,5,0,3,0,0,4,3,2
Daniel Anselmo
4,3,2,3,4,3,0,4,4,3,0,3,2,5,0,4,3,0,5,0,0,5,3,0,3,1,3,3,4,4,4,0,3,3,3,4,3,0,4,1,2,4,3,4,3,3,0,4,5,4,4,3,2,0,3,4,0,3,0,0,4,0,3,0,5,1,4,3,3,3,1,4,3,4,4,4,3,0,4,0,0,3,5,0,0,0,5,3,0,3,0,0,4,0,3,0,3,4,3,0
Daniel
5,0,1,1,0,0,0,5,2,1,0,0,1,0,0,0,0,0,0,0,0,0,0,0,5,4,3,5,5,2,1,1,2,2,2,3,4,1,5,1,2,5,5,3,3,2,2,3,0,0,2,5,5,0,5,2,2,1,1,1,2,3,1,0,0,1,0,3,4,0,1,5,2,2,2,2,2,3,3,2,3,1,2,5,0,0,0,0,0,2,2,2,2,2,2,3,4,4,4,1
Timmy
0,0,3,0,0,0,0,0,0,1,0,0,2,0,0,3,4,0,2,0,1,0,0,0,0,5,0,0,3,4,0,1,0,4,0,0,5,0,1,1,3,2,3,0,0,0,1,0,0,5,0,0,0,0,0,0,1,0,3,2,3,2,2,2,3,2,2,2,0,0,0,2,0,1,1,0,3,5,2,3,5,5,1,5,5,0,1,0,0,3,2,3,0,0,0,0,0,2,3,1
Skywalker
5,0,2,3,0,3,0,2,0,0,0,0,0,0,0,3,0,0,0,0,0,0,0,0,0,0,0,3,4,0,4,0,0,0,0,0,0,0,4,3,0,3,4,0,0,0,3,0,0,0,4,3,0,0,3,0,0,3,0,0,0,0,0,0,0,1,0,3,0,0,1,0,0,3,0,0,0,0,0,0,0,0,0,0,0,0,0,0,0,0,0,0,0,0,3,0,3,0,0,0
Derick
5,3,4,3,0,4,0,0,0,3,0,3,3,3,0,4,0,0,3,0,0,0,0,0,0,0,3,4,4,0,5,0,0,0,3,0,5,0,5,0,0,5,5,0,5,0,0,0,0,0,5,4,5,0,5,0,3,0,0,5,0,0,5,0,0,0,0,4,3,0,1,5,0,3,0,0,0,0,0,5,0,0,0,5,0,3,0,0,0,3,0,0,0,0,3,0,0,0,0,0
Dila
5,0,1,0,0,3,0,5,0,0,0,0,1,0,0,0,0,0,0,0,0,5,0,0,0,5,4,3,4,5,3,0,5,0,0,0,3,0,4,0,0,3,4,0,0,4,0,0,0,0,5,5,3,0,5,0,0,3,0,0,5,0,0,0,4,1,0,4,0,0,1,5,0,4,0,5,0,0,0,0,0,0,4,4,0,0,4,0,0,4,0,5,5,0,0,3,0,3,0,0
Johnny sins
0,1,2,3,4,5,0,1,2,3,4,5,0,0,0,0,0,0,0,0,0,0,0,0,1,1,1,1,2,2,2,3,3,3,4,4,4,5,5,5,3,3,2,2,1,5,5,4,2,2,2,1,0,0,0,0,0,0,5,1,2,3,0,0,0,0,0,0,0,0,0,0,0,0,0,0,0,0,0,0,5,4,2,2,1,0,0,0,0,0,0,0,0,0,0,0,0,0,0,5
Dong Mei Hou
5,0,3,0,0,5,0,0,0,0,0,0,0,0,0,0,0,0,5,0,0,4,0,0,0,0,0,4,4,5,0,0,5,0,0,0,4,0,5,0,0,3,5,0,0,3,0,0,0,0,4,3,0,0,0,0,0,3,0,0,0,0,0,0,0,0,0,3,0,0,0,5,0,5,0,5,4,0,0,0,0,0,5,0,0,0,5,0,0,0,0,0,0,0,3,0,0,0,0,0
Doug
4,0,5,4,4,2,0,0,0,4,0,0,0,0,0,5,4,0,5,3,0,0,1,5,3,0,0,5,5,0,4,0,0,3,4,5,5,0,4,2,0,4,5,0,4,5,0,5,0,0,4,5,4,0,4,0,2,5,0,4,5,0,2,0,5,0,5,5,4,0,1,4,3,5,0,0,4,0,4,0,3,4,0,0,0,0,4,5,0,4,0,5,0,0,5,0,2,5,4,0
Dwight
5,0,3,0,0,0,0,5,0,0,0,4,0,0,0,4,0,0,0,0,0,0,0,0,0,0,0,4,4,0,0,0,5,0,4,0,0,0,5,0,0,5,5,0,0,0,0,0,0,0,4,1,0,0,4,0,0,4,0,0,5,0,0,0,0,0,0,0,0,0,0,5,0,0,0,0,5,0,0,4,0,0,0,0,0,0,5,0,0,0,0,0,5,0,5,0,0,4,0,4
Dylan
5,5,1,0,0,3,0,0,0,0,0,3,1,0,0,0,0,0,0,0,0,0,0,0,0,4,0,4,5,0,0,0,0,0,0,4,0,5,5,0,0,5,4,0,0,4,0,0,0,0,5,0,0,0,5,0,0,3,0,0,5,0,0,2,0,1,0,0,0,0,0,0,0,0,0,0,5,0,0,0,0,0,0,0,0,0,5,0,0,0,2,0,0,0,4,5,0,0,0,0
Dylan Taylor
3,4,1,3,0,0,0,0,0,3,0,0,0,0,0,0,0,0,4,0,0,0,0,0,3,0,3,3,4,0,0,0,0,0,3,4,4,0,4,0,0,4,4,0,0,4,0,0,0,0,3,4,5,0,4,0,0,3,4,0,5,0,0,0,4,1,0,5,3,0,1,4,0,3,0,0,0,0,3,3,0,0,4,0,0,3,0,0,0,0,3,0,0,0,3,0,0,0,3,4
Dylan
4,0,1,3,0,3,0,0,0,3,0,0,3,0,0,4,0,0,0,0,0,0,0,0,0,5,0,5,5,5,0,0,0,0,0,4,3,4,4,0,0,3,3,0,0,4,0,0,0,0,4,5,3,5,5,0,0,3,0,0,0,0,0,0,4,0,0,5,0,0,1,5,5,5,0,5,0,0,0,0,0,0,0,0,0,0,0,0,0,0,0,0,0,0,2,0,0,0,0,0
Edrick Jia Hong Lin
5,4,5,0,0,0,0,5,0,4,0,0,1,0,5,0,0,0,0,0,0,0,0,0,0,0,3,5,5,4,0,0,5,0,0,0,0,0,5,4,0,5,4,0,0,0,0,0,0,0,5,5,4,0,4,0,0,3,0,0,0,0,0,0,0,3,0,5,0,0,1,5,0,0,0,0,4,0,5,5,0,4,4,0,0,0,0,0,0,0,0,0,5,0,4,0,0,0,0,0
EL
0,0,3,0,0,0,0,5,0,0,0,4,4,0,0,0,0,0,5,0,0,0,0,0,0,0,0,4,0,5,0,0,4,0,1,5,3,0,0,0,0,0,0,0,5,0,0,0,0,0,3,1,1,0,4,0,0,5,0,0,5,0,0,5,5,0,0,4,5,0,1,0,0,0,0,0,0,0,0,4,0,5,4,5,0,0,5,0,0,5,0,0,5,0,3,0,0,0,3,0
Emily
1,0,0,0,0,0,0,0,0,0,0,0,0,0,0,4,0,0,4,0,0,0,0,0,0,0,0,0,0,0,0,0,0,0,4,0,0,0,1,0,0,1,1,0,0,0,0,0,0,0,3,0,0,0,3,0,0,0,0,0,3,0,0,5,0,0,0,0,0,0,0,0,0,0,0,0,0,0,0,0,0,0,0,0,0,0,5,0,0,0,0,0,0,0,0,0,3,0,0,0
Erick
4,0,0,0,0,4,0,0,0,3,0,1,1,0,0,4,0,0,0,0,0,0,0,0,0,5,0,2,4,0,0,0,0,0,0,3,0,3,3,0,0,3,5,0,0,4,0,0,0,0,3,0,0,3,3,0,0,0,0,0,4,0,0,0,5,0,0,0,4,0,0,4,1,3,0,0,0,0,0,0,0,0,0,0,0,0,0,0,0,0,1,2,0,0,3,0,0,5,3,0
Erin P
3,3,1,0,0,3,0,4,0,4,0,4,4,5,0,3,0,0,0,0,0,0,0,0,4,4,3,3,4,5,0,0,4,0,3,2,5,2,3,0,0,1,2,0,0,5,4,0,0,0,4,3,4,0,4,0,3,3,1,0,0,0,0,0,0,1,0,4,0,0,2,0,0,5,0,0,0,0,0,0,0,4,5,0,0,0,5,0,0,4,0,2,5,0,2,0,3,0,4,0
Eungyo Song
5,0,4,0,0,0,0,5,0,3,0,0,0,0,0,4,0,0,5,0,0,0,0,0,0,0,0,0,4,0,3,0,0,0,0,4,5,4,5,0,0,5,5,0,0,0,0,0,5,0,5,0,5,0,4,0,0,0,0,0,5,0,0,0,0,0,0,0,0,0,0,5,0,0,0,0,5,0,0,0,0,0,0,0,0,0,0,0,0,4,0,0,0,0,0,0,0,5,4,0
Firoz Lakhani
1,1,4,3,5,3,2,4,3,5,4,1,1,0,4,4,4,2,1,2,4,1,4,0,1,1,0,3,1,0,4,0,0,1,2,0,3,2,1,1,3,5,4,4,4,0,2,3,1,2,4,3,3,4,0,3,3,5,3,1,3,3,5,5,3,3,5,3,2,5,0,4,4,2,2,1,4,5,0,0,5,5,4,0,4,5,2,2,5,4,4,2,1,1,3,3,3,0,2,0
fysal
4,1,0,5,0,3,2,0,0,0,0,0,3,0,0,5,0,0,5,0,0,0,0,0,0,0,4,4,4,0,5,0,0,0,0,4,0,0,0,0,3,4,0,0,0,0,0,4,0,2,4,4,5,0,4,5,0,0,2,0,5,0,4,0,3,0,0,0,4,0,3,5,0,5,0,0,0,0,0,0,0,0,5,0,0,0,0,0,0,0,0,0,5,0,0,0,0,4,0,0
Anonymous
4,0,2,3,0,0,0,4,0,4,0,3,2,4,4,5,0,0,4,0,0,0,4,0,0,5,0,4,4,0,0,0,0,0,4,0,0,5,5,0,0,5,5,0,0,0,0,0,0,0,5,0,0,0,4,0,4,4,0,5,4,0,0,0,4,3,0,0,0,0,1,4,4,0,0,5,4,0,5,3,0,0,4,0,0,4,5,0,0,4,4,0,5,0,3,0,5,4,0,4
George
4,4,5,4,0,0,0,0,0,4,0,0,5,0,0,5,0,0,0,0,0,0,0,0,0,0,0,5,5,0,4,0,0,0,4,4,0,5,5,0,0,5,5,0,0,0,0,0,0,0,5,5,5,0,5,0,0,5,0,0,0,0,0,0,0,0,0,5,0,0,4,4,0,0,0,0,0,0,0,4,0,0,5,0,0,0,0,0,0,0,0,0,0,0,4,0,0,3,0,0
George Cameron Smith
3,0,1,0,0,2,0,4,0,4,0,2,3,0,0,5,0,0,4,0,0,0,0,0,0,5,5,4,4,5,5,0,5,0,0,5,3,0,4,1,0,3,3,0,0,0,0,0,0,0,3,5,3,5,5,0,0,0,0,5,0,0,0,0,5,1,0,3,0,0,1,5,5,5,0,0,0,0,4,2,0,0,5,4,0,0,5,0,0,0,3,0,0,0,2,0,5,0,3,0
Anonymous
4,3,3,2,0,0,0,0,0,0,0,0,3,0,4,5,0,0,0,0,0,0,0,0,0,0,0,4,4,0,5,0,0,0,0,0,0,0,4,0,0,0,3,0,0,4,0,0,0,0,0,4,0,0,0,0,0,4,0,0,0,0,0,0,0,1,0,5,0,0,5,0,0,0,0,3,5,0,0,0,0,0,0,0,0,0,5,0,0,0,0,0,0,0,4,0,0,0,0,0
Anonymous
4,0,2,0,0,3,2,0,0,0,0,0,3,0,0,4,0,0,0,0,0,0,0,0,0,0,0,5,5,0,0,0,0,0,4,0,0,0,5,0,0,4,5,0,0,4,0,0,0,0,5,5,0,0,0,0,0,4,0,0,0,0,0,0,0,0,0,4,0,0,0,4,3,5,0,0,5,0,0,0,0,0,0,0,0,0,0,0,0,0,0,0,0,0,3,0,0,0,0,0
Sunny
5,0,5,0,0,0,5,5,0,4,3,4,5,0,4,5,0,0,0,0,0,0,0,0,4,0,0,5,5,5,0,0,4,0,4,5,5,5,5,5,0,5,5,0,0,0,0,0,0,0,5,5,0,0,5,0,0,4,0,0,0,0,0,0,0,4,0,5,0,0,0,4,0,0,0,4,5,0,0,5,0,4,4,0,0,0,0,0,0,0,0,0,5,0,5,0,0,0,5,0
hz
5,3,0,2,0,1,0,0,0,0,2,4,4,0,4,5,0,0,3,3,3,0,0,0,4,0,5,5,5,0,0,4,4,0,4,0,2,3,5,1,0,4,4,0,0,2,0,0,0,2,5,5,0,0,4,0,5,5,0,0,0,2,2,0,4,0,0,4,0,0,1,4,0,0,0,0,5,0,0,4,0,0,5,0,5,0,0,0,0,0,5,0,5,2,4,0,4,0,0,0
Hailey
3,3,1,1,0,0,0,0,0,0,0,5,5,0,5,4,0,0,3,0,0,0,4,0,5,5,3,0,0,5,0,0,5,0,5,0,0,0,5,0,0,5,5,0,0,0,0,3,0,0,5,0,0,0,5,0,0,5,4,1,1,0,0,2,0,1,0,0,0,0,0,0,0,0,0,0,0,0,3,5,0,1,0,0,5,1,0,0,0,5,0,0,4,0,5,1,4,3,0,4
Hailey
3,0,0,0,0,0,0,5,0,0,0,0,4,5,5,5,0,0,0,0,0,0,3,0,4,0,0,3,5,4,0,0,5,0,4,0,0,0,3,0,0,2,2,0,0,0,0,0,0,0,4,5,0,0,4,0,0,4,4,4,5,0,0,0,5,0,0,5,0,0,0,0,0,0,0,0,4,0,0,0,0,0,5,0,0,0,4,0,0,4,0,0,4,0,3,0,2,5,0,0
Hen
4,0,0,0,0,3,0,0,0,3,0,0,1,0,0,0,0,0,3,0,0,0,0,0,0,0,0,5,5,0,0,0,0,0,0,0,0,0,4,0,0,4,3,0,0,3,0,0,0,0,4,4,0,0,3,0,0,0,0,0,0,0,0,0,0,1,0,4,0,0,2,3,0,0,0,2,0,0,0,0,0,0,5,4,0,0,0,0,0,0,0,0,0,0,1,0,0,0,0,0
Haiyang He
0,3,5,4,1,4,0,0,2,0,3,0,4,0,3,3,3,0,3,3,3,0,3,2,0,3,0,4,4,3,3,3,0,3,0,0,3,2,3,3,0,3,0,3,3,0,0,3,3,0,3,4,5,2,4,0,0,3,2,3,3,3,0,0,0,2,0,3,3,0,1,4,1,1,0,3,3,0,5,0,1,3,0,3,3,2,0,3,3,3,0,3,0,3,3,0,0,0,2,3
Haohu Shen
4,3,3,2,4,1,0,3,0,5,5,3,2,5,2,4,5,1,0,5,0,3,3,1,3,1,5,4,0,5,5,1,3,4,2,1,5,2,0,2,1,3,0,5,1,0,1,5,4,0,0,3,4,1,5,1,1,0,0,0,0,3,2,3,5,2,2,1,0,1,3,5,3,4,2,4,5,1,4,0,3,3,5,0,3,0,1,3,4,3,0,5,2,1,1,2,5,1,2,1
Haris
3,0,0,0,0,3,0,5,0,0,0,0,0,0,0,0,0,0,0,0,0,0,0,0,0,0,0,5,0,0,0,0,0,0,3,0,0,0,0,0,0,0,3,0,4,0,0,0,0,0,5,0,0,0,0,0,0,0,0,3,0,0,0,0,0,0,0,0,0,0,1,5,0,3,0,0,0,0,0,0,0,0,0,0,0,0,0,0,0,0,0,0,0,0,0,0,0,0,0,0
Harkamal Randhawa
0,3,0,0,0,0,0,0,0,0,0,0,0,0,0,0,0,0,0,0,0,0,0,0,0,0,0,3,0,0,0,0,0,0,0,0,0,0,5,0,0,0,0,0,0,0,0,0,0,0,5,0,0,0,0,0,0,0,0,0,0,0,0,0,0,0,0,0,0,0,1,0,0,3,0,0,0,0,0,0,0,0,0,0,0,0,0,0,0,0,2,0,0,0,0,0,0,0,0,0
Harrison
3,0,2,0,0,0,0,4,0,3,0,2,0,0,0,4,0,0,0,0,0,0,0,1,0,0,2,3,4,0,0,0,0,0,0,3,4,0,2,3,0,3,2,0,0,0,0,4,0,0,2,0,0,0,5,0,0,0,0,0,4,0,0,0,4,0,0,0,0,0,0,0,0,0,0,0,0,0,0,0,0,0,0,0,0,0,0,0,0,0,0,0,0,0,0,0,0,0,0,0
Harry
5,0,0,3,0,0,0,0,0,3,0,0,0,0,0,0,0,0,5,0,0,4,0,0,0,0,0,5,4,0,0,0,0,0,0,0,0,0,3,3,0,4,4,0,0,0,0,0,0,0,4,4,0,0,4,0,0,5,0,0,0,0,0,0,0,0,0,4,0,0,1,5,2,0,0,0,0,0,0,0,0,0,0,0,0,0,4,0,0,0,3,0,0,0,4,0,0,0,0,0
Himika
3,0,3,4,0,5,0,3,0,0,0,4,1,0,0,0,0,0,0,4,0,5,0,0,4,0,0,4,5,0,4,0,0,0,5,0,0,0,3,0,0,0,0,0,0,1,4,0,0,0,0,1,0,0,5,0,3,4,0,4,5,0,0,0,0,0,0,0,0,0,1,5,0,0,0,4,0,0,0,0,0,0,0,0,0,1,5,0,0,3,0,0,0,0,0,0,4,0,0,0
Ilhan
4,0,4,4,4,3,4,3,0,4,0,0,1,0,0,4,3,0,3,0,0,4,0,1,0,0,4,2,1,3,4,0,3,4,0,3,3,3,4,0,0,4,2,0,4,1,0,0,2,0,3,1,4,0,3,3,0,4,0,4,3,0,3,4,3,0,3,2,4,4,4,4,0,4,0,1,0,0,3,1,3,0,3,4,3,0,4,0,3,2,0,0,0,0,3,0,0,3,0,0
Anonymous
0,0,4,0,0,0,0,0,0,0,4,0,0,0,0,0,0,0,0,0,0,0,3,0,2,3,3,4,2,0,0,0,0,0,0,0,0,0,0,0,0,4,0,0,0,0,0,0,0,0,0,0,0,0,0,0,0,0,0,0,0,0,0,0,0,0,5,3,0,0,0,0,0,0,0,0,0,0,0,0,0,0,0,0,0,0,0,0,0,4,0,4,0,0,0,0,0,0,0,0
isaacs
0,0,5,5,0,1,0,1,0,5,1,0,2,0,0,0,0,0,1,0,0,0,0,0,0,0,2,5,1,0,0,0,0,2,3,5,5,1,5,1,3,5,5,0,1,0,2,1,0,0,0,5,1,2,5,2,0,4,0,0,5,1,1,2,1,0,0,4,5,1,5,2,0,0,0,5,1,3,2,1,2,3,4,3,1,5,2,3,5,5,1,2,4,0,5,0,0,5,2,1
Ishan
0,0,4,0,0,2,0,5,0,4,0,0,0,0,1,0,0,0,0,0,0,0,0,0,0,0,0,4,0,0,0,0,0,0,1,0,0,0,3,4,0,5,2,0,0,4,0,0,0,0,4,2,3,0,4,0,0,4,0,5,5,0,0,0,0,0,0,5,0,0,0,5,0,0,0,0,0,0,0,2,0,0,0,0,0,0,5,0,0,0,0,0,0,0,3,0,1,0,2,0
Shrek
2,3,1,3,4,5,3,4,2,0,1,2,3,4,5,0,4,3,2,5,3,2,3,4,0,2,4,3,2,1,1,2,5,4,5,3,2,4,1,3,5,3,5,5,4,3,2,0,0,0,0,0,0,1,3,4,5,2,4,5,1,0,2,3,4,0,4,2,4,3,3,1,3,2,5,4,2,1,0,3,2,4,3,0,2,4,3,5,1,3,4,5,0,0,0,0,0,0,0,0
Jacky's ratings:
5,0,3,0,0,1,0,0,0,5,0,0,5,0,0,3,0,0,0,0,0,0,0,0,0,0,0,5,5,0,0,0,0,0,4,0,0,0,4,0,0,3,3,0,0,0,0,0,0,0,4,0,4,0,5,0,0,1,4,0,0,0,0,0,0,0,0,5,0,0,1,1,0,0,0,0,0,0,0,0,0,0,5,4,4,0,0,0,0,0,0,0,0,0,2,0,0,0,0,0
James
3,0,0,3,0,3,0,0,0,3,0,0,3,0,0,5,0,0,0,0,0,0,0,0,0,0,0,5,4,0,0,0,0,0,4,0,0,0,4,0,0,4,4,0,0,0,0,0,0,0,4,5,2,0,5,0,0,0,0,0,0,0,0,3,0,1,0,4,0,0,1,4,2,4,0,0,0,0,0,0,0,0,0,3,0,0,0,0,0,0,0,0,0,0,4,0,0,0,3,0
Jana
3,0,3,0,0,0,0,5,0,0,0,3,3,0,2,4,0,0,1,3,2,3,0,0,4,4,3,4,4,3,0,0,3,0,4,0,4,2,4,1,0,5,4,0,0,4,5,0,0,0,5,5,4,5,4,4,2,4,0,4,5,0,0,0,5,0,0,3,3,0,1,5,1,3,0,0,5,0,0,3,0,0,4,4,1,0,5,4,0,3,5,4,5,0,3,0,3,4,2,2
J
4,0,0,0,0,0,0,0,0,0,0,4,3,0,4,0,0,0,0,0,3,0,0,0,0,0,0,0,4,0,0,0,4,0,0,0,0,0,0,0,0,0,0,0,0,0,0,0,0,0,0,4,0,0,0,0,0,5,0,5,0,0,0,0,0,0,0,4,0,0,0,0,0,0,0,0,0,0,0,0,0,0,0,0,0,0,0,0,0,0,0,0,0,0,0,5,0,0,0,0
J
5,2,1,0,0,3,0,0,0,0,0,0,0,0,0,0,0,0,0,0,0,0,0,0,0,0,0,3,0,0,0,0,0,0,4,2,0,0,2,0,0,2,2,0,0,0,0,0,0,0,5,0,0,0,0,0,0,0,0,0,0,0,0,0,0,0,0,0,0,0,0,0,0,0,0,0,0,0,0,0,0,0,0,0,0,0,0,0,0,0,0,0,0,0,0,0,0,0,0,0
Jason Jiang
5,0,0,0,0,0,0,5,0,0,0,5,0,0,5,0,0,0,0,0,0,3,0,0,0,0,0,2,0,0,0,0,0,0,5,0,0,0,0,0,0,0,4,0,0,0,0,0,0,0,5,0,3,0,4,0,0,0,0,3,0,0,3,0,0,0,0,0,0,0,1,0,0,0,0,0,0,0,0,0,0,0,0,3,0,0,0,0,0,0,0,0,0,0,5,0,0,0,0,0
Anon
5,0,4,0,0,0,0,0,0,0,3,1,2,3,4,5,1,1,2,3,4,2,2,2,2,2,2,5,5,5,5,5,4,4,3,2,1,2,2,2,2,1,0,0,0,0,0,4,4,4,5,1,1,1,1,2,3,4,0,0,0,0,0,0,0,0,4,3,2,1,3,2,4,5,1,2,3,2,4,2,5,1,2,3,4,5,1,2,3,4,5,2,3,2,2,3,1,4,2,5
jayoo
5,0,0,0,0,4,0,5,0,0,0,0,0,0,0,0,0,0,5,0,0,5,0,0,0,0,0,5,4,0,0,0,0,0,0,0,0,0,5,0,0,4,5,0,4,4,0,0,5,0,5,4,0,0,3,0,0,4,0,0,0,0,0,0,5,0,0,4,0,0,0,5,0,5,0,0,0,0,4,0,0,0,0,0,0,0,0,0,0,0,0,0,0,0,3,0,0,4,0,2
Jesse
4,0,3,0,0,2,0,0,0,0,0,0,2,0,0,3,0,0,0,0,0,0,0,0,0,0,0,5,5,0,0,0,0,0,0,0,0,3,0,0,0,3,0,0,0,0,0,0,0,0,4,5,0,0,3,0,0,0,0,0,0,0,0,0,0,0,0,4,0,0,0,5,5,0,0,0,0,0,0,0,0,0,5,0,0,0,0,0,0,0,0,0,0,0,4,3,0,0,0,0
Anon
5,0,0,0,0,0,0,0,0,0,0,0,0,0,0,0,0,0,0,0,0,0,0,0,0,0,0,4,0,0,0,0,0,0,0,0,4,0,3,0,0,3,3,0,0,0,0,0,0,0,4,0,0,0,0,0,0,0,0,0,0,0,0,0,0,0,0,0,0,0,0,0,0,0,0,0,0,0,0,0,0,0,0,0,0,0,0,0,0,0,0,0,0,0,2,0,0,0,0,0
I_live_under_a_rock
5,1,4,0,0,0,0,0,0,0,0,0,0,0,0,0,0,0,0,0,0,0,0,0,0,0,0,0,0,0,0,0,0,0,0,0,0,0,4,0,0,0,3,0,0,0,0,0,0,0,0,0,0,0,0,0,0,0,0,0,0,0,0,0,0,0,0,0,0,0,0,0,0,0,0,0,0,0,0,0,0,0,0,5,0,0,0,0,0,0,0,0,0,0,0,0,0,0,0,0
Jiro Go
5,0,4,5,0,0,0,0,0,4,0,3,3,0,5,0,0,0,0,0,0,0,0,0,0,4,0,5,5,5,0,0,4,0,0,0,0,5,5,0,0,5,4,0,0,4,5,0,0,0,5,0,0,0,4,0,0,5,0,4,0,0,0,0,0,0,0,5,0,0,1,0,0,0,0,5,5,0,0,0,0,0,3,0,0,0,0,0,0,0,2,0,0,0,4,0,0,0,0,0
 Jennifer
4,0,0,0,0,3,0,4,0,1,0,2,0,0,2,4,0,0,0,0,0,0,0,0,4,1,0,5,5,4,0,0,0,0,4,0,0,3,5,0,0,4,5,0,0,4,3,0,0,0,5,4,4,0,5,0,0,4,0,0,0,0,0,3,0,0,0,4,0,0,2,4,0,5,4,0,4,0,0,0,0,0,0,5,4,0,0,0,0,0,0,0,0,0,3,0,4,0,4,0
Joseph
5,0,0,0,0,0,0,5,0,0,0,5,5,0,0,0,0,0,0,0,0,0,0,0,0,0,0,5,5,0,0,0,5,0,0,0,5,0,5,0,0,0,5,0,0,0,0,0,0,0,5,5,0,0,5,0,0,1,0,4,4,0,0,0,0,1,0,5,0,0,1,0,0,0,0,4,5,0,0,5,1,0,5,0,4,0,5,0,0,0,0,0,5,0,3,0,0,0,4,0
Josh
0,0,0,3,0,0,0,0,0,0,0,1,0,0,0,0,0,0,0,0,0,0,0,0,0,0,0,5,0,0,0,0,0,0,0,5,4,0,5,0,0,2,4,0,0,0,0,0,0,0,3,0,0,0,5,0,0,3,0,0,0,0,3,0,0,1,0,0,0,0,2,3,0,0,0,0,0,0,0,3,0,0,0,0,0,0,0,0,0,0,0,0,0,0,5,0,0,0,0,0
Joshua
3,4,2,4,3,2,4,3,2,3,5,4,2,3,4,2,4,3,1,3,2,1,0,0,0,3,2,4,0,3,2,4,1,3,4,2,3,0,1,2,3,5,2,4,3,1,4,3,5,1,2,3,4,2,3,1,2,4,3,1,4,0,0,0,0,0,0,4,3,2,3,4,2,3,1,3,2,4,3,2,4,4,4,1,3,2,3,0,0,0,4,3,2,3,2,3,2,5,4,3
Anonymous
5,2,2,5,0,3,0,4,0,0,0,3,1,4,3,4,0,4,0,0,0,0,0,0,0,5,0,4,4,5,4,0,4,0,4,0,0,0,4,0,3,4,5,0,0,2,0,0,0,0,4,4,0,4,4,0,0,4,4,0,5,0,0,5,4,0,0,4,4,0,1,5,1,5,0,5,5,0,4,0,0,0,5,2,0,0,4,0,0,3,3,0,4,0,3,4,0,4,3,2
whip naenae
5,0,1,0,0,0,0,0,0,0,0,0,2,0,0,4,0,0,0,0,0,0,0,0,0,5,3,4,4,0,0,0,0,0,3,3,0,5,5,0,0,5,4,0,5,0,0,0,0,0,5,0,3,0,2,0,0,4,0,0,5,0,5,3,4,1,0,4,5,3,1,5,1,0,0,0,0,0,0,0,3,0,5,5,0,0,0,0,0,0,2,0,0,0,2,0,0,4,0,0
Kathryn
2,0,0,0,0,4,0,0,0,0,0,4,0,0,0,4,0,0,0,0,0,0,0,0,2,0,0,0,0,0,0,0,0,0,5,0,0,0,0,0,0,3,5,0,0,0,0,0,0,0,4,0,0,0,2,0,0,0,0,0,0,0,0,0,0,0,0,0,0,0,1,0,0,0,0,0,0,0,0,0,0,0,0,0,0,0,0,0,0,5,0,0,2,0,3,0,4,0,0,4
Kean
5,2,4,3,0,0,0,0,0,3,0,4,3,0,4,5,0,0,0,0,0,0,0,0,0,0,0,4,5,0,0,0,0,0,4,3,3,5,4,0,0,5,5,0,0,0,0,0,0,0,4,4,4,0,0,0,0,0,0,0,5,0,5,4,0,1,0,4,0,0,0,3,0,0,0,0,0,0,0,0,0,0,0,0,0,0,4,0,0,4,0,0,0,0,4,0,0,0,3,0
Keaton
5,5,0,2,3,1,2,3,4,5,5,4,3,2,1,2,3,4,4,5,0,1,2,3,0,0,0,0,0,0,0,0,0,0,0,0,0,0,0,0,0,0,0,0,0,0,0,0,0,0,0,0,0,0,0,0,0,0,0,0,0,0,0,0,0,0,0,0,0,0,0,0,0,0,0,0,0,0,0,0,0,0,0,0,0,0,0,0,0,0,0,5,1,5,1,2,3,4,5,5
Anonymous
5,0,3,0,0,4,0,0,0,3,0,0,0,0,0,5,0,0,0,0,0,0,3,0,0,5,0,4,5,0,0,0,0,0,3,0,0,0,4,0,0,4,4,0,0,4,0,0,0,0,5,4,0,0,5,0,0,5,0,0,0,0,0,0,0,0,0,5,0,0,1,3,3,3,0,0,5,0,0,0,0,0,0,0,0,0,0,0,0,0,0,0,0,0,3,0,0,5,0,0
Kyle
5,0,3,4,0,0,0,0,0,0,0,0,0,0,0,4,0,0,0,0,0,4,0,0,3,0,0,5,4,0,0,0,0,0,1,4,0,0,0,3,0,5,3,0,0,0,0,0,0,0,4,5,0,0,1,0,0,0,0,0,0,0,0,0,0,0,0,4,0,0,0,0,1,4,0,0,0,0,0,0,0,0,0,0,0,0,0,0,0,0,0,0,0,0,5,0,0,0,0,0
kylieg
5,0,5,0,0,0,0,0,0,0,0,1,1,0,5,0,0,0,0,0,0,0,0,0,5,0,0,0,5,0,0,0,0,0,4,0,0,0,5,0,0,0,2,0,0,0,0,0,0,0,5,5,1,0,5,0,0,4,0,0,3,0,0,0,0,0,0,0,0,0,0,0,0,0,0,0,0,0,0,1,0,0,0,0,4,0,0,0,0,5,0,0,5,0,3,0,0,0,0,0
mohsin
0,0,5,4,0,0,0,5,0,0,0,5,2,0,4,0,4,1,5,0,0,2,0,3,0,5,1,4,1,0,0,0,3,0,3,4,5,0,3,4,0,0,3,0,3,0,3,5,0,0,4,5,4,0,5,0,0,3,0,3,5,0,0,0,5,3,0,1,4,5,0,4,0,0,0,0,0,0,0,0,0,4,5,5,0,0,5,4,1,4,0,0,0,0,0,0,0,5,0,0
Man
0,0,0,0,0,0,0,0,0,0,1,5,2,2,2,2,2,2,2,2,2,2,2,2,2,2,2,3,3,3,3,3,3,3,2,2,3,3,3,3,3,2,2,3,3,3,2,2,2,2,2,2,2,3,3,3,3,3,3,2,2,2,3,3,1,3,3,5,2,3,2,3,2,3,2,3,3,2,3,2,3,2,3,2,3,2,3,2,3,2,3,2,3,2,3,2,3,2,3,2
Marcus
5,0,0,0,0,0,0,0,0,5,0,0,0,0,0,5,0,0,3,0,0,0,0,0,0,0,0,5,5,4,0,0,0,0,0,0,0,0,5,0,0,3,4,0,0,0,0,0,0,0,5,5,0,0,5,0,0,0,0,0,0,0,0,0,0,0,0,0,0,0,0,0,4,0,0,0,0,0,0,3,0,0,0,0,0,0,0,0,0,0,0,0,5,0,4,0,0,0,0,0
Markus
4,0,2,4,0,5,0,4,0,4,0,2,3,0,0,5,0,0,4,0,0,0,4,0,0,0,0,4,5,4,0,0,3,0,1,4,5,5,5,0,0,5,5,0,4,4,0,4,0,0,5,4,5,0,4,0,0,2,3,0,5,0,4,0,5,1,0,4,4,5,1,4,4,4,0,4,3,0,4,1,1,0,4,0,0,5,0,0,0,0,5,0,5,0,5,1,1,4,0,3
Mathew
3,0,0,0,0,2,0,0,0,5,0,0,1,0,0,0,0,0,0,0,0,0,0,0,0,0,0,4,3,3,0,0,4,0,0,0,0,0,4,3,0,3,3,0,0,2,0,0,0,0,4,4,0,0,3,0,0,0,0,0,0,0,0,0,0,0,0,4,0,0,0,5,0,0,0,3,0,0,0,0,0,0,4,0,0,0,0,0,0,0,0,0,5,0,4,0,0,4,0,0
Matthew:
4,2,3,1,4,3,2,5,4,3,2,1,3,4,5,4,3,2,3,4,1,3,4,5,4,4,5,4,3,3,2,3,4,5,4,3,2,1,1,1,1,1,1,1,1,0,3,0,0,0,0,0,0,0,0,0,0,0,0,0,0,0,0,0,0,0,0,0,0,0,2,3,1,4,2,3,4,1,5,3,2,1,3,2,0,0,0,0,0,0,0,0,0,0,0,0,0,0,3,2
Max
5,0,1,0,0,3,0,0,0,1,0,3,3,0,0,5,0,0,0,5,0,0,0,0,0,0,0,4,5,0,0,0,0,0,0,0,0,0,5,0,0,4,4,0,0,4,0,0,0,0,5,4,0,0,5,0,0,3,0,0,4,0,0,0,0,0,0,2,0,0,3,4,1,3,0,4,0,0,0,0,0,0,0,0,0,0,0,0,0,0,0,0,0,0,4,0,0,0,2,0
 Wasi
5,0,0,0,0,4,0,5,0,4,0,3,0,0,0,4,1,0,0,0,1,3,2,0,2,5,3,3,5,0,5,0,5,5,0,4,4,0,4,1,0,5,3,0,0,3,0,5,0,0,4,5,3,0,5,0,0,0,1,4,5,0,0,0,5,1,0,5,4,3,1,5,3,3,0,0,0,0,3,0,0,3,5,0,2,2,0,5,0,0,5,5,0,1,3,0,0,5,5,5
michael
3,0,1,0,0,0,3,3,0,3,0,0,1,0,0,3,3,0,0,0,4,0,0,0,0,0,3,3,4,4,4,0,5,0,3,3,4,4,4,2,0,3,3,0,0,3,0,0,0,0,3,4,3,0,4,0,0,2,0,0,5,0,0,0,4,1,0,4,5,0,1,5,4,3,0,0,0,0,0,3,0,0,4,3,0,0,0,0,0,0,2,0,5,0,3,0,0,4,3,2
Mihailo
0,0,0,0,0,0,0,5,0,0,0,0,0,0,0,5,0,0,5,0,0,0,0,0,0,0,0,0,0,0,0,0,0,0,0,0,0,0,0,0,0,4,0,0,0,0,0,5,0,0,3,0,0,0,4,0,0,0,0,0,0,0,0,0,4,1,0,4,0,0,0,0,0,0,0,0,0,0,0,0,0,5,0,0,0,0,0,0,0,0,0,0,0,0,3,0,0,5,0,0
mitch
4,3,3,3,3,4,4,5,5,3,2,1,1,0,0,0,0,0,0,0,0,0,0,0,0,0,0,0,0,0,2,2,3,4,2,3,5,3,3,3,3,3,3,3,3,3,3,3,3,3,3,3,3,3,3,3,3,3,3,3,3,3,3,3,3,3,3,3,3,3,3,3,3,3,3,3,3,3,3,3,3,3,3,3,3,3,3,3,3,3,3,3,3,3,3,3,3,3,3,3
Moe
1,1,3,0,0,0,0,0,0,0,0,0,0,5,0,5,0,0,0,0,0,0,0,4,0,0,0,3,0,0,0,0,4,0,0,5,5,0,3,0,0,4,5,0,0,0,0,0,0,0,4,0,5,0,0,0,0,2,0,5,0,0,0,0,5,1,0,4,0,0,0,5,0,4,0,0,2,0,0,5,0,5,5,5,0,0,5,0,0,0,2,0,0,0,3,0,0,5,0,1
Muiz Muhammad
5,0,0,0,0,5,0,0,0,0,0,0,2,0,0,0,0,0,0,0,0,0,0,0,3,0,0,4,0,0,0,0,0,0,0,0,0,1,5,0,0,5,5,0,0,0,0,0,0,0,4,3,2,0,1,0,0,0,0,0,0,0,0,0,0,0,0,0,0,0,0,1,0,0,0,0,0,0,5,0,0,0,0,0,0,0,0,0,0,0,0,0,0,0,5,0,0,0,0,0
Nate
4,0,0,3,5,0,0,0,0,0,0,0,0,0,0,4,4,0,0,0,0,0,0,0,0,0,5,0,4,0,5,0,0,4,0,4,5,0,4,0,0,2,5,0,2,1,0,2,0,0,5,0,1,0,0,4,0,3,0,0,4,0,0,0,4,0,0,0,5,3,0,3,4,5,0,0,0,0,0,0,0,2,0,4,0,0,0,0,0,2,0,0,0,0,3,0,0,5,4,0
Nathan
5,0,4,1,0,4,0,0,0,4,0,0,0,0,0,4,0,0,0,0,0,0,0,0,0,0,0,4,4,4,0,0,0,0,0,0,0,0,4,0,0,4,4,0,0,3,0,0,0,0,4,4,0,0,4,0,4,3,0,0,0,0,0,0,0,0,0,4,3,0,0,4,4,4,0,0,4,0,4,0,0,3,0,0,0,0,4,0,0,0,4,0,0,0,4,0,0,0,2,0
aNON
0,1,2,3,4,5,4,3,2,2,3,4,0,0,0,0,0,0,0,2,2,3,3,3,4,4,4,4,0,4,2,2,2,0,3,3,3,3,3,0,2,2,2,2,2,3,3,2,0,0,0,2,2,2,2,2,2,2,2,0,2,2,3,3,3,3,3,3,0,3,3,3,3,3,0,3,3,3,3,1,1,4,4,5,5,5,0,0,0,0,0,3,3,3,0,4,4,4,4,4
cpsc231-movies.txt
5,0,0,0,0,4,0,3,0,0,0,3,0,0,5,0,0,0,0,0,0,0,0,0,0,0,0,0,3,0,0,0,0,0,4,0,0,0,5,0,0,5,4,0,5,0,0,0,0,0,5,0,0,0,0,0,0,5,0,0,0,0,0,0,0,0,0,0,0,5,0,0,0,5,3,0,4,0,0,0,0,0,0,0,0,0,0,0,0,0,0,0,0,0,0,0,5,0,0,0
Orion
4,0,5,5,0,1,0,5,0,5,0,0,1,0,0,5,4,0,5,0,0,0,0,0,0,0,0,5,5,0,0,0,5,0,0,5,4,5,5,0,0,4,5,0,0,0,0,0,0,0,5,5,4,0,5,0,0,4,0,4,5,0,0,0,5,0,0,4,0,0,0,3,5,4,0,0,0,0,5,0,0,0,3,0,0,5,5,0,0,0,0,0,0,0,5,0,0,0,5,0
Parker
3,0,1,3,0,3,0,0,0,3,0,0,5,0,0,5,0,0,0,0,0,0,0,0,0,5,0,2,4,0,0,0,5,0,0,0,0,0,5,0,0,3,4,0,0,0,0,0,0,0,3,0,0,0,2,0,0,0,0,0,0,0,0,0,4,0,0,0,0,0,1,0,2,0,0,0,0,0,4,0,0,0,0,2,0,0,5,0,0,0,1,0,0,0,5,0,0,0,0,0
Pat
4,0,0,0,0,1,0,3,0,0,0,5,0,0,0,2,0,0,0,0,0,0,0,0,5,0,4,3,5,0,0,0,0,0,5,0,0,0,5,0,0,1,4,0,0,0,3,0,0,0,3,0,0,0,5,0,0,4,0,0,0,0,0,0,0,0,0,0,0,0,0,0,0,4,0,4,0,0,0,0,0,0,0,0,0,0,0,0,0,4,2,0,0,0,4,0,3,0,2,3
Paul Serafini
5,0,4,4,5,5,0,4,2,0,0,3,1,0,0,4,0,0,5,4,0,0,0,0,3,3,4,4,4,0,3,0,0,0,4,5,5,0,4,0,0,5,4,0,0,2,4,5,3,0,4,3,3,0,0,3,4,0,0,5,5,0,0,5,5,0,0,3,5,5,0,5,3,5,0,4,5,5,4,0,0,3,5,0,0,0,5,0,4,4,1,4,0,0,4,0,0,4,5,0
Peter
1,2,3,4,5,4,3,2,1,1,2,3,4,5,5,5,3,2,1,2,3,4,5,4,3,2,1,1,2,5,5,4,3,2,1,2,3,4,5,4,5,0,0,0,0,0,0,0,0,0,3,3,4,5,5,4,0,5,0,2,3,4,5,4,3,2,2,3,3,4,5,4,3,2,1,2,3,4,5,5,4,3,2,2,4,4,2,2,2,3,4,4,3,3,4,5,4,3,3,4
Pragya
4,0,4,3,0,4,4,4,0,3,0,5,5,0,3,5,1,1,5,0,0,2,2,0,5,2,3,4,4,0,0,0,3,2,5,5,3,0,5,3,1,1,3,0,0,0,4,0,0,0,4,4,0,0,5,0,5,4,0,5,0,2,2,1,1,1,0,5,0,3,0,3,0,3,0,4,5,0,0,5,0,2,3,1,1,1,0,0,0,0,4,0,0,0,4,0,5,0,0,0
Priyavart
5,2,3,2,1,2,3,3,2,3,3,4,2,2,3,2,3,2,2,4,2,3,2,3,2,2,5,2,3,1,3,2,2,3,3,2,2,2,4,2,3,2,3,3,2,2,5,2,2,2,2,3,2,3,2,2,4,2,3,2,5,2,0,0,2,3,2,2,5,3,2,3,4,2,5,2,3,2,3,3,2,3,3,2,3,2,4,3,2,5,3,3,2,2,1,3,2,1,1,3
Anjola
0,0,3,0,0,0,0,0,0,4,0,3,4,0,0,0,0,0,5,0,0,0,0,0,0,0,0,5,5,4,0,3,5,0,5,5,5,0,5,4,0,5,3,0,5,0,3,0,0,0,0,5,5,0,5,0,0,0,0,0,0,0,0,0,0,0,0,3,0,0,3,3,0,0,0,0,0,0,0,0,0,0,5,0,5,0,0,0,0,0,0,0,0,0,0,0,5,0,5,0
Jenny
4,0,0,0,0,0,0,0,0,0,0,0,0,0,0,0,0,0,0,0,0,0,0,0,0,0,0,0,5,0,0,0,0,0,0,0,0,0,0,0,0,0,3,0,0,0,0,0,0,0,0,0,5,0,0,0,0,0,0,0,5,0,0,5,0,0,0,5,0,0,0,0,0,5,0,0,0,0,5,0,0,0,0,0,0,0,0,0,0,0,0,0,0,0,0,0,0,0,0,0
Edgar
2,4,1,3,3,4,3,2,3,4,4,2,3,4,1,5,3,3,5,2,0,4,3,3,2,4,3,5,5,5,3,0,3,3,3,4,4,2,0,4,5,2,3,3,2,4,3,2,4,3,3,5,4,4,5,5,3,4,1,0,2,3,1,1,0,3,3,3,0,2,3,5,3,4,0,3,4,3,3,4,3,2,4,2,3,4,1,1,4,3,5,3,1,1,4,2,3,5,3,4
quenten
5,4,3,2,1,2,3,4,5,0,0,0,1,0,0,3,0,0,0,0,0,1,2,3,4,5,0,5,4,3,2,1,2,3,4,5,5,0,0,1,2,3,4,5,0,0,2,1,2,3,4,5,0,1,2,3,0,0,0,0,0,0,0,0,0,1,1,1,2,2,2,3,3,3,4,4,4,5,5,5,4,3,2,1,2,3,2,1,2,3,4,3,2,1,2,3,4,3,2,1
rach
4,3,3,0,0,3,0,0,0,0,0,0,1,0,0,3,0,0,0,0,0,0,0,0,0,1,0,3,3,0,0,0,0,0,3,0,0,0,3,0,0,5,4,0,0,0,0,0,0,0,3,3,0,0,0,0,0,2,0,0,0,0,0,0,0,0,0,0,0,0,0,0,0,0,0,0,5,0,0,0,0,0,0,0,0,0,0,0,0,0,0,0,0,0,2,0,0,3,2,0
Rahil
5,1,4,1,0,0,0,5,0,3,0,4,4,0,3,2,0,0,5,0,0,0,0,0,0,0,0,5,5,5,0,0,2,0,1,0,0,0,3,1,0,3,5,0,0,0,0,0,0,0,5,5,4,0,4,1,0,0,0,0,0,0,0,0,0,0,0,4,0,0,0,5,0,0,0,1,4,0,0,1,0,0,5,5,0,0,0,0,0,1,0,0,1,0,4,0,0,4,1,1
Ramiro
3,2,4,5,2,1,2,3,0,4,0,0,0,0,0,0,3,2,4,5,2,1,3,4,5,0,3,0,0,0,3,2,4,5,1,2,3,4,0,0,0,0,0,4,0,3,0,3,4,5,2,3,4,5,3,2,1,0,3,0,0,0,0,4,0,4,0,4,0,5,5,5,3,1,2,0,0,4,5,3,2,1,5,0,4,3,2,0,4,5,3,2,1,0,5,4,3,0,3,4
Reeyan Maknojiya
0,4,4,5,0,0,0,5,0,0,0,4,3,0,0,0,0,0,5,0,0,0,0,0,0,0,0,5,5,0,4,0,0,0,0,0,0,4,5,4,0,5,4,0,0,0,0,0,0,0,0,5,4,0,5,0,0,0,0,4,5,0,0,0,4,0,0,5,5,0,0,5,0,0,0,0,0,0,0,3,0,4,0,5,0,0,0,0,0,0,0,0,0,0,4,0,0,5,0,0
RJ_45
0,0,5,4,0,0,0,5,1,0,0,0,5,1,1,1,0,1,5,0,0,0,0,0,0,1,2,4,5,5,5,3,4,1,1,1,1,1,5,1,0,5,0,2,5,3,1,1,1,0,0,0,5,1,4,4,3,0,0,5,1,1,1,1,1,3,0,0,0,1,0,0,0,0,4,1,1,1,0,3,4,0,0,5,1,0,0,0,0,0,0,0,0,0,0,0,0,5,1,4
Renji
5,0,0,0,0,0,0,4,0,0,0,5,3,0,0,5,0,0,0,0,0,0,0,0,0,0,0,5,5,3,0,0,0,5,0,0,0,0,4,0,0,0,5,0,0,0,0,0,0,0,4,5,0,0,5,0,0,0,0,0,5,0,0,0,0,0,0,5,0,0,0,4,0,0,0,0,0,0,0,0,0,0,0,5,0,0,0,0,0,0,0,0,0,0,4,0,0,0,0,0
Richard
2,0,2,0,0,2,0,0,0,3,0,0,0,0,0,0,0,0,0,0,0,0,0,0,0,0,0,4,5,0,0,0,0,0,0,5,0,0,5,0,0,3,2,0,0,0,0,0,0,0,4,2,1,0,0,0,0,1,0,0,0,0,0,0,0,0,0,4,0,0,4,4,0,0,0,0,0,0,0,0,0,0,0,0,0,0,5,0,0,0,5,0,0,0,2,0,0,0,0,0
EQU
3,0,1,0,0,0,0,0,0,0,0,0,0,0,0,0,0,0,0,0,0,0,0,0,0,0,0,3,3,0,0,0,4,0,0,0,0,2,0,0,0,0,0,0,0,0,0,0,0,0,3,0,4,0,4,0,0,0,0,0,0,0,0,0,0,0,0,0,0,0,1,0,0,0,0,0,0,0,0,0,0,0,0,0,0,0,0,0,0,0,0,0,0,0,0,0,0,0,0,0
Riley
5,0,4,0,0,4,0,0,0,3,0,0,2,0,0,4,0,0,0,0,0,0,0,0,0,0,0,0,5,4,0,0,0,0,0,0,0,0,5,1,0,4,4,0,0,4,0,0,0,0,4,5,0,0,4,0,0,4,0,0,0,0,0,0,0,0,0,5,0,0,0,4,3,5,0,3,0,0,0,0,0,0,5,0,0,0,0,0,0,0,0,0,0,0,4,0,0,0,0,0
Twiki
5,0,0,0,0,4,0,0,0,0,0,4,2,0,0,4,1,0,5,0,0,0,0,0,0,0,0,5,5,0,0,0,5,0,4,5,4,5,4,0,0,5,5,0,0,0,3,0,0,0,5,5,0,0,4,0,0,4,0,0,0,0,0,0,4,0,0,5,0,0,2,5,0,4,0,0,0,0,0,0,0,0,0,0,4,0,0,0,0,0,3,0,5,0,3,0,4,0,4,0
Robert
3,5,3,0,0,2,4,0,0,0,0,0,2,0,0,5,0,0,5,0,0,0,0,0,0,5,1,5,5,0,0,0,3,0,0,0,5,0,4,0,0,3,4,0,0,5,0,2,0,0,4,5,5,0,4,0,0,1,0,0,5,0,0,0,5,1,0,5,0,0,0,2,0,0,0,0,0,0,4,0,0,0,0,0,0,4,0,0,0,0,0,0,0,0,3,0,0,4,0,3
Kitt
5,0,4,0,0,4,0,0,0,0,0,0,0,0,0,0,0,0,0,0,0,0,0,0,0,0,0,4,5,0,0,0,0,0,0,0,0,0,5,0,0,4,5,0,0,4,0,0,0,0,4,5,0,0,4,0,0,4,0,0,0,0,0,0,0,0,0,4,0,0,0,0,5,4,0,0,0,0,0,0,0,0,0,0,0,0,0,0,0,0,0,0,0,0,4,0,5,0,0,0
Ryan
5,0,1,3,0,4,0,0,0,2,0,4,3,0,0,0,0,0,0,0,0,0,4,0,0,1,0,5,5,0,0,0,0,0,0,0,0,0,5,1,0,4,5,0,0,3,0,0,0,0,5,5,1,0,5,0,0,4,2,0,5,0,0,0,5,1,0,4,4,0,1,5,3,3,0,0,0,0,0,0,0,3,5,0,0,0,0,0,0,0,1,0,0,0,4,0,0,5,0,0
Ryan
2,1,3,4,5,2,1,3,5,0,0,5,2,1,3,4,5,2,1,3,4,0,5,4,4,0,0,2,1,2,3,4,5,0,0,4,2,1,3,4,2,1,3,4,2,1,3,5,5,4,2,1,3,2,1,2,3,0,0,4,5,3,2,1,3,2,5,5,1,2,3,0,2,3,1,2,3,4,5,2,1,3,2,1,3,2,5,4,2,1,2,3,4,5,1,2,3,4,2,1
Rylan Marianchuk
3,0,4,0,0,2,0,5,0,0,0,1,0,0,0,3,0,0,0,0,0,0,0,0,0,0,2,0,5,0,0,0,0,0,2,0,0,0,3,0,0,4,2,0,0,0,0,0,0,0,3,0,0,0,5,0,0,0,0,5,0,0,0,0,0,0,0,0,0,0,0,0,0,0,0,0,0,0,0,0,0,0,0,0,3,3,0,2,0,1,0,0,0,0,3,0,0,0,0,0
Sage
4,0,0,3,0,3,0,0,0,0,0,0,0,0,0,0,0,0,0,0,0,0,0,0,0,4,0,4,5,0,4,0,0,0,0,0,0,4,4,0,0,0,3,0,0,4,0,0,0,0,4,5,3,4,2,0,0,3,0,0,5,0,0,5,0,1,0,4,0,0,2,4,3,4,0,4,3,0,0,0,0,0,4,0,0,0,0,0,0,0,0,0,0,0,2,0,0,0,0,0
Anonymous
0,1,4,0,0,0,3,0,0,1,0,4,5,0,5,3,0,1,0,0,5,0,0,0,0,1,0,5,5,5,0,0,4,0,2,0,0,0,5,0,0,0,4,0,0,0,0,0,0,0,5,5,0,0,5,0,0,4,0,0,0,0,0,0,0,3,0,5,5,0,0,5,0,0,0,4,4,0,0,4,0,0,5,0,0,0,0,0,0,0,0,0,0,0,3,3,4,0,0,0
Salim
4,1,4,0,0,5,4,5,0,4,0,0,4,0,0,5,5,4,0,0,0,0,1,0,0,0,0,5,5,4,0,0,5,0,4,5,0,0,5,4,0,5,5,0,0,5,0,4,0,0,5,4,5,0,4,0,0,5,0,4,5,0,0,4,4,0,0,4,5,0,4,5,0,1,0,4,0,0,4,5,0,0,4,5,4,4,0,4,4,0,4,5,5,0,5,0,4,0,0,0
Sam
4,4,0,4,5,3,0,4,0,0,0,0,0,4,0,3,0,0,5,0,0,5,3,0,0,5,3,2,3,0,5,0,5,0,0,4,4,0,4,2,4,5,3,0,4,3,0,5,4,0,2,2,2,0,3,0,0,0,4,0,4,0,4,3,5,0,0,0,4,4,1,4,3,4,0,2,3,0,5,3,0,2,3,0,0,0,4,0,0,4,3,0,5,4,4,0,3,4,4,0
Sebastian Collard
4,0,4,3,0,0,0,5,0,0,0,0,0,0,0,0,0,0,0,0,0,0,0,0,0,5,5,5,4,0,0,0,4,0,4,0,5,3,5,0,0,4,5,0,0,3,0,0,0,0,5,0,4,0,5,0,0,3,0,0,0,0,0,0,0,0,0,0,0,0,3,5,5,0,0,5,0,0,0,0,0,0,0,0,0,0,0,0,0,0,0,0,5,0,5,0,0,0,3,0
Davidd
5,0,5,2,0,3,0,5,0,0,0,4,0,0,4,5,3,0,0,3,1,1,0,0,0,0,0,5,5,0,0,0,5,0,4,0,0,4,5,0,0,5,5,0,0,0,5,0,3,0,5,5,5,0,4,0,0,5,0,3,0,0,0,0,0,0,0,5,3,4,1,5,1,5,0,0,5,0,0,0,0,0,5,0,0,0,0,0,0,5,0,0,4,1,0,0,4,0,0,0
Bizo
5,0,4,0,0,0,0,5,0,0,0,5,0,0,4,0,0,0,0,0,0,0,0,0,0,0,0,5,5,0,0,0,0,0,2,0,0,0,1,0,0,0,1,0,0,0,0,0,0,0,0,5,0,0,5,0,0,0,0,0,0,0,0,0,0,0,0,4,0,0,0,5,0,0,0,0,0,0,0,3,0,0,5,0,0,0,0,0,0,0,0,0,0,0,5,0,0,0,0,0
anonymous
1,0,3,3,0,1,5,0,0,0,0,4,3,0,3,2,0,0,4,0,0,0,0,0,2,0,0,4,3,0,0,0,0,0,3,2,5,0,3,0,0,2,3,0,0,5,0,0,0,0,2,5,5,0,5,0,0,0,0,0,0,0,0,0,0,0,0,5,2,0,1,3,0,4,0,0,0,0,0,4,0,0,4,0,0,1,3,0,0,3,3,2,1,2,3,3,3,4,2,4
Shanna
5,0,1,0,0,4,0,4,0,3,0,4,4,0,4,4,0,0,0,0,0,0,0,0,0,0,0,5,5,0,0,0,0,0,4,0,0,3,5,0,0,4,5,0,0,5,0,3,0,0,4,5,1,0,5,0,0,3,0,0,0,0,0,0,4,0,0,5,4,0,4,4,0,5,0,0,0,0,0,4,0,3,4,5,0,0,0,0,0,0,3,0,0,0,3,0,4,5,0,0
Shauna
3,0,3,0,0,0,5,0,0,0,0,3,0,0,4,0,0,0,0,0,0,0,0,0,0,0,2,0,0,0,0,0,0,0,4,0,0,0,5,0,0,1,5,0,0,0,0,0,0,0,0,0,0,0,0,0,0,1,0,0,0,0,0,0,0,0,0,0,0,0,0,0,0,0,0,0,0,0,0,5,0,0,0,0,0,0,0,0,0,1,0,0,0,0,0,0,0,0,0,0
Shehzan
0,1,1,3,0,0,0,5,0,1,2,5,4,0,5,0,1,0,4,0,0,0,1,0,0,0,0,1,1,4,0,0,0,0,0,0,0,3,3,1,0,3,1,0,0,0,4,3,0,0,4,3,5,0,5,0,5,4,0,5,5,0,0,0,0,0,0,3,0,0,0,4,0,0,0,0,0,0,0,1,0,0,5,5,5,0,0,0,0,4,0,0,0,0,1,0,0,4,0,0
siddhant
1,3,2,0,5,3,1,1,3,1,2,0,5,5,2,0,5,2,0,5,0,4,3,2,0,2,4,4,0,1,2,4,4,2,5,1,1,0,1,5,0,0,2,2,2,4,2,2,0,4,5,0,5,0,5,3,3,4,1,4,4,0,5,3,2,0,0,4,5,1,3,2,3,0,0,3,5,3,1,2,5,4,5,3,0,0,0,2,1,1,5,3,5,1,1,5,1,3,0,3
Anonymous
5,0,2,0,0,4,0,0,0,0,0,0,0,0,0,0,0,0,0,0,0,0,0,0,0,0,0,0,4,4,0,0,0,0,3,0,0,4,4,0,0,3,3,0,0,0,0,0,0,0,5,0,0,0,0,0,0,3,0,0,0,0,0,0,0,0,0,0,0,0,5,0,0,0,0,0,5,0,0,0,0,0,0,0,0,0,0,0,0,0,4,0,0,0,0,0,0,0,0,0
Sophia
4,0,0,0,0,0,0,0,0,0,0,4,0,0,0,4,0,0,0,0,0,0,0,0,0,1,0,0,0,4,0,0,0,0,0,0,0,0,4,0,0,5,0,0,0,0,0,0,0,0,5,4,0,0,0,0,0,3,0,0,0,0,0,0,0,1,0,0,0,0,0,0,0,0,0,3,4,0,0,0,0,0,0,0,0,0,4,0,0,0,0,0,3,0,3,0,0,0,0,0
Stevie
5,0,4,4,1,5,2,5,0,4,3,2,3,4,1,5,1,2,3,4,1,5,5,0,2,3,0,1,5,5,5,2,3,0,2,3,4,5,1,0,1,3,0,4,3,2,5,5,0,2,3,3,1,0,3,2,4,4,4,0,1,1,5,5,3,2,3,1,0,3,2,3,4,4,2,2,3,2,1,0,3,2,1,2,3,3,2,0,0,3,4,5,5,1,2,3,0,4,1,5
steve
1,0,1,0,0,0,0,3,0,3,0,0,5,0,0,0,0,0,0,0,3,0,0,0,0,0,0,5,3,4,0,0,0,0,0,0,0,0,2,0,0,5,1,0,0,0,0,0,0,0,0,5,0,0,5,0,0,2,0,0,0,0,0,0,0,0,0,5,0,0,1,4,0,0,0,0,0,0,0,3,0,0,4,0,0,0,0,0,2,0,0,0,0,0,0,0,0,0,0,0
Suhaib Tariq
5,0,0,4,0,0,0,5,0,1,0,3,3,0,2,5,0,4,5,0,0,0,0,0,4,3,0,5,5,5,5,0,5,0,0,3,4,0,5,0,0,4,5,0,0,4,0,5,0,0,5,5,0,5,5,0,0,4,1,1,5,0,0,0,5,1,0,1,5,0,0,5,1,4,0,0,0,0,0,0,0,0,5,5,0,1,0,0,0,0,0,0,5,0,0,0,0,5,0,3
Alexis
5,0,5,0,0,3,0,5,0,0,0,1,2,0,0,0,0,0,0,0,0,0,0,0,0,0,0,3,5,0,0,0,0,0,1,0,0,0,0,0,0,3,5,0,0,0,0,0,0,0,3,5,0,0,0,0,0,5,0,0,0,0,0,0,0,5,0,0,0,0,0,0,0,0,0,0,0,0,0,0,0,0,0,0,0,0,0,0,3,1,5,0,0,0,5,0,0,0,0,0
Farhan
5,2,3,3,0,0,0,0,0,3,0,0,0,5,0,0,0,0,5,0,0,0,0,0,0,0,0,0,0,5,0,0,5,0,0,0,0,0,4,1,1,4,4,2,1,0,0,0,0,0,5,0,0,0,0,0,0,0,0,0,5,1,0,0,0,0,0,0,0,0,1,0,0,0,0,0,0,0,0,0,0,0,0,0,0,0,0,0,0,4,0,0,0,0,5,0,0,4,0,0
Taylor
4,3,2,3,0,0,0,5,0,0,0,1,1,0,0,4,0,0,5,0,0,0,4,0,1,4,4,4,5,0,5,0,5,0,3,5,4,0,4,2,0,3,3,0,0,3,0,4,0,0,4,5,3,0,5,0,0,3,1,0,5,0,0,0,5,1,0,4,0,0,1,5,3,5,0,5,3,0,5,1,0,0,5,4,0,0,0,0,0,4,3,3,5,0,3,0,0,0,4,0
Anonymous
3,5,0,2,0,3,1,5,5,0,0,0,5,1,0,5,5,0,3,0,0,4,0,0,5,1,5,5,5,5,4,0,4,0,5,0,0,0,4,0,0,4,4,0,0,1,0,3,0,0,3,5,0,5,3,0,0,4,0,0,3,0,0,0,5,0,3,3,4,0,0,5,0,2,0,5,4,0,5,0,0,0,4,0,0,0,0,5,0,4,5,3,3,0,2,0,0,5,3,0
Salty Avocados
3,4,1,5,0,5,0,5,0,5,3,5,2,0,5,5,5,0,5,0,5,1,0,4,5,0,5,5,5,0,5,0,0,4,5,5,5,5,5,0,2,5,5,0,3,0,3,5,0,0,5,5,5,0,5,0,0,0,0,0,0,3,3,0,5,0,0,5,5,5,1,5,5,5,0,4,0,0,3,4,3,5,5,0,3,0,5,0,5,5,5,2,0,0,5,0,5,5,5,0
Vikram
5,0,0,0,0,0,0,0,0,0,0,0,0,0,0,0,0,0,1,0,0,0,0,0,0,0,0,0,0,0,0,0,0,0,0,0,0,3,5,0,0,4,5,0,0,0,0,0,0,0,5,0,2,0,5,0,0,0,0,0,0,0,0,0,0,0,0,0,0,0,0,5,0,0,0,0,4,0,0,0,0,0,0,0,0,0,5,0,0,0,0,0,0,0,3,0,0,0,0,0
Vivian
0,0,0,0,0,3,0,0,0,0,0,3,0,0,0,4,0,0,0,0,0,0,0,0,0,0,0,5,3,0,0,0,0,0,4,0,0,0,4,0,0,3,4,0,0,0,0,0,0,0,5,5,0,0,0,0,0,4,0,0,0,0,0,0,0,0,0,4,0,0,0,0,0,0,0,0,5,0,0,0,0,0,0,0,0,0,0,0,0,0,0,0,0,0,3,0,0,0,0,0
Vivil
4,0,3,0,0,0,0,0,0,0,0,0,0,0,0,0,0,0,0,0,0,0,0,0,0,0,0,0,4,0,0,0,0,0,0,0,0,0,4,0,0,4,4,0,0,0,0,0,0,0,5,0,0,0,0,0,0,3,0,0,5,0,0,3,0,0,0,0,0,0,1,0,0,0,0,0,5,0,0,0,0,0,0,3,0,0,0,0,0,0,3,0,0,0,5,0,0,0,0,0
Vlad
3,0,0,4,0,5,0,0,0,0,0,0,0,0,0,0,0,0,5,0,0,0,0,0,0,0,0,0,4,0,0,0,0,0,0,0,0,0,0,0,0,4,4,0,0,4,0,0,0,0,5,0,0,0,4,0,0,0,0,5,0,0,0,0,0,0,0,0,4,0,0,0,4,5,0,0,0,0,0,0,0,4,0,5,0,0,0,0,0,0,0,0,0,0,4,0,0,0,0,0
reee
1,2,3,4,2,0,4,1,2,5,3,4,2,3,4,3,3,3,3,3,3,4,4,4,4,4,4,4,4,4,2,2,2,2,2,3,3,3,3,3,3,3,3,3,3,3,3,3,4,4,4,1,1,2,2,2,2,2,2,2,3,3,4,4,4,4,4,3,3,3,3,3,3,3,3,3,3,3,3,3,3,3,3,3,3,3,3,3,3,3,3,3,4,4,1,3,2,3,3,3
Yitian
0,1,2,3,4,5,0,1,2,3,4,5,0,1,2,3,4,5,0,1,2,3,4,5,0,0,0,0,0,0,0,0,0,0,0,0,0,0,0,0,0,0,0,0,0,0,0,0,0,0,0,0,0,0,0,0,0,0,0,0,0,0,0,0,0,0,0,0,0,0,0,0,0,0,0,0,0,0,2,2,2,3,3,3,3,3,3,3,3,3,4,4,4,4,4,4,4,4,4,4
Yihan
5,0,5,0,0,3,0,5,0,0,0,4,4,0,2,0,0,0,0,0,0,0,0,0,0,0,0,5,5,0,0,0,0,0,3,0,0,0,5,0,0,5,5,0,0,0,0,0,0,0,5,5,0,0,3,0,0,5,0,0,0,0,0,0,0,4,0,4,0,0,5,0,0,0,0,5,0,0,0,0,0,0,0,0,0,0,0,0,3,4,5,0,0,0,5,0,0,0,0,0
Yonis
5,0,1,0,0,0,0,5,0,0,0,0,1,0,0,0,0,0,5,0,0,0,0,0,0,0,5,4,4,0,5,0,0,0,5,5,0,4,5,0,0,5,5,0,0,0,0,4,0,0,4,5,0,0,4,4,0,0,0,0,5,0,0,0,5,0,0,5,0,0,1,5,0,0,0,0,0,0,0,0,0,0,5,5,0,0,0,0,0,0,0,5,0,0,0,0,0,0,5,0
Yvonne
5,0,0,0,0,3,0,0,0,0,0,3,0,0,3,0,0,0,0,0,0,0,0,0,0,0,0,0,4,5,0,0,0,0,4,0,0,0,3,0,0,4,4,0,0,0,0,0,0,0,5,0,0,0,0,0,0,0,0,0,0,0,0,0,0,1,0,0,0,0,0,0,0,0,0,0,4,0,0,0,0,0,5,3,0,0,0,0,0,0,0,0,0,0,0,0,0,0,0,1
Zahra
3,0,4,0,0,0,0,0,0,0,0,0,0,0,0,0,0,0,0,0,0,0,0,0,0,0,0,0,0,0,0,0,0,0,0,0,0,0,0,0,0,5,4,0,0,0,0,0,0,0,5,0,0,0,0,0,0,5,0,0,0,0,0,0,0,3,0,0,0,0,0,0,0,0,0,0,5,0,0,0,0,0,0,0,0,0,0,0,0,0,0,0,0,0,0,0,0,0,0,0
MeatBall
5,4,5,5,5,0,0,5,0,3,0,0,4,0,0,0,0,0,5,0,3,0,0,3,2,2,0,5,5,4,4,0,4,0,0,0,0,5,5,5,5,0,3,5,5,2,0,0,0,0,3,5,0,0,5,3,3,5,3,0,5,3,2,2,1,0,0,5,0,0,0,5,0,0,0,5,5,0,5,0,0,4,5,5,0,0,0,0,4,0,4,0,5,0,5,0,0,0,5,5
